0 0 0 0 0 0 0 0 0 0 0 0 0 0 0 0 0 0 0 0 0 0 0 0 0 0 0 0 
0 0 0 0 0 0 0 0 0 0 0 0 0 0 0 0 0 0 0 0 0 0 0 0 0 0 0 0 
0 0 0 0 0 0 0 0 0 0 0 0 0 0 0 0 0 0 0 0 0 0 0 0 0 0 0 0 
0 0 0 0 0 0 0 0 0 0 0 0 0 0 0 0 0 0 0 0 0 0 0 0 0 0 0 0 
0 0 0 0 0 0 0 0 0 0 0 0 0 0 0 0 0 0 0 0 0 0 0 0 0 0 0 0 
0 0 0 0 0 0 0 0 0 1 1 1 1 1 2 2 2 2 3 3 3 3 3 3 3 3 3 3 
0 0 0 0 0 0 0 1 1 2 3 3 4 5 6 7 7 8 9 9 10 10 11 11 11 11 11 11 
0 0 0 0 0 0 1 2 3 4 5 6 8 9 11 12 14 15 16 17 18 19 20 20 21 21 21 21 
0 0 0 0 0 0 1 3 4 6 8 10 12 15 17 20 22 24 26 28 30 31 32 32 33 34 34 34 
0 0 0 0 0 1 2 4 6 9 11 15 18 22 25 29 32 35 38 41 43 45 46 47 48 49 49 50 
0 0 0 0 0 1 3 5 8 11 16 20 24 29 34 38 43 47 51 55 58 60 62 64 65 66 67 67 
0 0 0 0 0 1 3 6 10 15 20 25 31 37 43 49 55 61 66 70 74 77 79 81 83 84 85 86 
0 0 0 0 0 1 4 8 12 18 24 31 38 46 53 61 68 75 81 86 91 95 98 100 102 104 105 106 
0 0 0 0 0 1 5 9 15 22 29 37 46 55 63 72 81 89 96 103 109 113 116 119 122 123 125 126 
0 0 0 0 0 2 6 11 17 25 34 43 53 63 74 84 94 103 112 120 126 131 135 139 141 143 145 146 
0 0 0 0 0 2 7 12 20 29 38 49 61 72 84 95 107 118 128 136 144 150 154 158 161 163 165 166 
0 0 0 0 0 2 7 14 22 32 43 55 68 81 94 107 119 131 143 153 161 167 172 177 180 183 185 186 
0 0 0 0 0 2 8 15 24 35 47 61 75 89 103 118 131 145 157 168 177 184 190 194 198 201 203 205 
0 0 0 0 0 3 9 16 26 38 51 66 81 96 112 128 143 157 170 182 192 200 206 211 215 218 221 222 
0 0 0 0 0 3 9 17 28 41 55 70 86 103 120 136 153 168 182 195 205 214 220 225 230 233 236 238 
0 0 0 0 0 3 10 18 30 43 58 74 91 109 126 144 161 177 192 205 217 225 232 238 242 246 249 251 
0 0 0 0 0 3 10 19 31 45 60 77 95 113 131 150 167 184 200 214 225 234 241 247 252 255 255 255 
0 0 0 0 0 3 11 20 32 46 62 79 98 116 135 154 172 190 206 220 232 241 249 255 255 255 255 255 
0 0 0 0 0 3 11 20 32 47 63 80 99 118 137 156 175 192 208 223 235 244 252 255 255 255 255 255 
0 0 0 0 0 3 11 20 32 47 63 80 99 118 137 156 175 192 208 223 235 244 252 255 255 255 255 255 
0 0 0 0 0 3 11 20 32 47 63 80 99 118 137 156 175 192 208 223 235 244 252 255 255 255 255 255 
0 0 0 0 0 3 11 20 32 47 63 80 99 118 137 156 175 192 208 223 235 244 252 255 255 255 255 255 
0 0 0 0 0 3 11 20 32 47 63 80 99 118 137 156 175 192 208 223 235 244 252 255 255 255 255 255 
